image: arenaBergamo.pgm
resolution: 0.004000
origin: [0.000000, 0.000000, 0.000000]
negate: 0
occupied_thresh: 0.650000
free_thresh: 0.650000

