image: arenaBergamo.pgm
resolution: 0.004000
origin: [-1.500000, 0.000000, 1.570000]
negate: 0
occupied_thresh: 0.650000
free_thresh: 0.650000

